4 0.7212259615384615 0.5001201923076923 0.08348557692307691 0.13002403846153848
4 0.4454086538461538 0.0921875 0.048677884615384616 0.06740384615384615
4 0.2130528846153846 0.5864663461538462 0.032692307692307694 0.050312499999999996
4 0.4886778846153846 0.6465625 0.05509615384615385 0.074375
4 0.28956730769230765 0.44401442307692307 0.11360576923076923 0.19411057692307693
4 0.40334134615384615 0.6147355769230769 0.2930528846153846 0.39132211538461537
4 0.5155048076923077 0.4442548076923077 0.5814903846153846 0.6232692307692307
4 0.38831730769230766 0.8212740384615385 0.11478365384615384 0.18341346153846153
4 0.5820192307692308 0.7926201923076923 0.13759615384615384 0.20223557692307692
4 0.698389423076923 0.846514423076923 0.06185096153846154 0.08163461538461539
4 0.5423557692307692 0.8785576923076923 0.034254807692307696 0.04959134615384615
4 0.25632211538461536 0.8695432692307693 0.05512019230769231 0.06762019230769231