4 0.5052884615384615 0.3476682692307692 0.36475961538461543 0.614423076923077
4 0.2815625 0.3943269230769231 0.11360576923076923 0.27103365384615385
4 0.19504807692307694 0.5692307692307692 0.020673076923076922 0.07194711538461539
4 0.7390625 0.45122596153846156 0.09911057692307691 0.16045673076923078
4 0.3979326923076923 0.6037259615384616 0.29425480769230766 0.4774519230769231
4 0.24391826923076923 0.9144230769230769 0.05432692307692308 0.10930288461538461
4 0.2845673076923077 0.9458894230769231 0.011442307692307693 0.04
4 0.35127403846153843 0.9546874999999999 0.0446875 0.04161057692307692
4 0.3696875 0.8423076923076922 0.11360576923076923 0.20545673076923077
4 0.5413701923076923 0.9312499999999999 0.03625 0.06283653846153846
4 0.5796153846153846 0.8204807692307692 0.14882211538461537 0.2940144230769231
4 0.7142307692307692 0.8841826923076923 0.06545673076923077 0.12492788461538461
4 0.4842788461538462 0.6279326923076923 0.03826923076923077 0.08918269230769231